endhold 0
endall
72 60
71 60
72 0
70 60
71 0
scale_def 60 261.625565 61 523.251131 62 784.876696 63 1046.502262 64 1308.127827 65 1569.753392 66 1831.378958 67 2093.004523 68 2354.630089 69 2616.255654 70 2877.88122 71 3139.506785 72 3401.13235 73 3662.757916
mono 1
69 60
70 0
68 60
69 0
67 60
mono 0
68 0
66 60
67 0
65 60
64 60
66 0
63 60
62 60
65 0
61 60
60 60
61 60
64 0
62 60
63 60
63 0
64 60
62 0
61 0
65 60
60 0
61 0
62 0
66 60
scale_def 1 0.539191 2 0.576332 3 0.640369 4 0.732582 5 0.788934 6 0.859375 7 1.004098 8 1.078381 9 1.152664 10 1.280738 11 1.465164 12 1.577869 13 1.71875 14 2.008197 15 2.156762 16 2.305328 17 2.561476 18 2.930328 19 3.155738 20 3.4375 21 4.016393 22 4.313525 23 4.610657 24 5.122953 25 5.860656 26 6.311475 27 6.875 28 8.032787 29 8.627049 30 9.221313 31 10.245905 32 11.721312 33 12.62295 34 13.75 35 16.065573 36 17.254099 37 18.442626 38 20.49181 39 23.442625 40 25.2459 41 27.5 42 32.131146 43 34.508198 44 36.885253 45 40.983621 46 46.88525 47 50.4918 48 55. 49 64.262293 50 69.016395 51 73.770505 52 81.967242 53 93.7705 54 100.983601 55 110. 56 128.524585 57 138.03279 58 147.541011 59 163.934484 60 187.540999 61 201.967201 62 220. 63 257.049171 64 276.06558 65 295.082021 66 327.868967 67 375.081998 68 403.934403 69 440. 70 514.098341 71 552.13116 72 590.164043 73 655.737934 74 750.163997 75 807.868805 76 880. 77 1028.196682 78 1104.26232 79 1180.328086 80 1311.475869 81 1500.327993 82 1615.73761 83 1760. 84 2056.393365 85 2208.524641 86 2360.656171 87 2622.951738 88 3000.655986 89 3231.475221 90 3520. 91 4112.78673 92 4417.049282 93 4721.312343 94 5245.903475 95 6001.311972 96 6462.950441 97 7040. 98 8225.573459 99 8834.098564 100 9442.624685 101 10491.80695 102 12002.623944 103 12925.9 104 14080. 105 16451.146919 106 17668.197127 107 18885.24937 108 20983.613901 109 24005.247889 110 25851.801765 111 28160. 112 32902.293837 113 35336.394254 114 37770.498741 115 41967.227801 116 48010.495777 117 51703.603529 118 56320. 119 65804.587674 120 70672.788508 121 75540.997481 122 83934.455602 123 96020.991555 124 103407.207058 125 112640. 126 131609.175349 127 141345.577017
63 0
64 0
67 60
65 0
66 0
mono 1
68 60
67 0
69 60
68 0
70 60
69 0
71 60
70 0
72 60
71 0
73 60
72 0
scale_def 69 440
73 0
endhold 0
endall
